Time ;		 	ExpID; 	OUTER_FOLD_5; INNER_FOLD;	HP_Set;    Epoch;   TrainLoss;   	   ValLoss;  P;  	LR
09:32 ;		 		1; 	0; 	    0;       	1;  	0; 	0.692017588350508; 	0.6893338362375895;  	0; 	0.0006
09:32 ;		 		1; 	0; 	0; 	1;  	1; 	0.6928152640660604; 	0.6831689609421624;  	0; 	0.0006
09:33 ;		 		1; 	0; 	0; 	1;  	2; 	0.6692555877897475; 	0.6814418302641975;  	0; 	0.0006
09:34 ;		 		1; 	0; 	0; 	1;  	3; 	0.6666295462184482; 	0.6776110529899597;  	0; 	0.0006
09:35 ;		 		1; 	0; 	0; 	1;  	4; 	0.6679739753405253; 	0.6775053209728665;  	0; 	0.0006
09:35 ;		 		1; 	0; 	0; 	1;  	5; 	0.6493259999487135; 	0.6669159200456407;  	0; 	0.0006
09:36 ;		 		1; 	0; 	0; 	1;  	6; 	0.6429002152548896; 	0.6675423648622301;  	1; 	0.0006
09:37 ;		 		1; 	0; 	0; 	1;  	7; 	0.6302845941649543; 	0.6733163065380521;  	2; 	0.0006
09:38 ;		 		1; 	0; 	0; 	1;  	8; 	0.6204707556300693; 	0.6537519031100802;  	0; 	0.0006
09:39 ;		 		1; 	0; 	0; 	1;  	9; 	0.5831406977441576; 	0.6662037637498643;  	1; 	0.0006
09:40 ;		 		1; 	0; 	0; 	1;  	10; 	0.5847607122527229; 	0.6704852316114638;  	2; 	0.0006
09:41 ;		 		1; 	0; 	0; 	1;  	11; 	0.5692316293716431; 	0.6528600056966146;  	0; 	0.0006
09:42 ;		 		1; 	0; 	0; 	1;  	12; 	0.563670105404324; 	0.684257427851359;  	1; 	0.0006
09:43 ;		 		1; 	0; 	0; 	1;  	13; 	0.5326357351409065; 	0.6477493180168999;  	0; 	0.0006
09:44 ;		 		1; 	0; 	0; 	1;  	14; 	0.5178712705771128; 	0.6486807862917582;  	1; 	0.0006
09:44 ;		 		1; 	0; 	0; 	1;  	15; 	0.5233277910285525; 	0.6652460098266602;  	2; 	0.0006
09:45 ;		 		1; 	0; 	0; 	1;  	16; 	0.5001619325743781; 	0.6371173196368747;  	0; 	0.0006
09:46 ;		 		1; 	0; 	0; 	1;  	17; 	0.4479827384154002; 	0.6418825156158872;  	1; 	0.0006
09:47 ;		 		1; 	0; 	0; 	1;  	18; 	0.4594496621025933; 	0.6668077972200182;  	2; 	0.0006
09:48 ;		 		1; 	0; 	0; 	1;  	19; 	0.40827805134985184; 	0.9919663733906217;  	3; 	0.0006
09:49 ;		 		1; 	0; 	0; 	1;  	20; 	0.4194871352778541; 	0.6536675228012933;  	4; 	0.0003
09:49 ;		 		1; 	0; 	0; 	1;  	21; 	0.41476386454370284; 	0.6413595875104269;  	5; 	0.0003
09:50 ;		 		2; 	0; 	0; 	2;  	0; 	0.7133616209030151; 	0.7001214027404785;  	0; 	0.0005
09:51 ;		 		2; 	0; 	0; 	2;  	1; 	0.6946564184294807; 	0.6917066640324063;  	0; 	0.0005
09:52 ;		 		2; 	0; 	0; 	2;  	2; 	0.6809093554814657; 	0.6853095889091492;  	0; 	0.0005
09:53 ;		 		2; 	0; 	0; 	2;  	3; 	0.6710016926129659; 	0.6809948947694566;  	0; 	0.0005
09:54 ;		 		2; 	0; 	0; 	2;  	4; 	0.6679688625865512; 	0.6811439593633016;  	1; 	0.0005
09:54 ;		 		2; 	0; 	0; 	2;  	5; 	0.6523686647415161; 	0.689816759692298;  	2; 	0.0005
09:55 ;		 		2; 	0; 	0; 	2;  	6; 	0.6479093035062155; 	0.692598025004069;  	3; 	0.0005
09:56 ;		 		2; 	0; 	0; 	2;  	7; 	0.6414384312099881; 	0.6834495994779799;  	4; 	0.00025
09:57 ;		 		2; 	0; 	0; 	2;  	8; 	0.6390306486023797; 	0.676483862929874;  	0; 	0.00025
09:58 ;		 		2; 	0; 	0; 	2;  	9; 	0.6243044998910692; 	0.6775881581836276;  	1; 	0.00025
09:58 ;		 		2; 	0; 	0; 	2;  	10; 	0.6308510965771146; 	0.6866166061825223;  	2; 	0.00025
09:59 ;		 		2; 	0; 	0; 	2;  	11; 	0.6291399929258559; 	0.672594408194224;  	0; 	0.00025
10:00 ;		 		2; 	0; 	0; 	2;  	12; 	0.6127460466490852; 	0.6669739683469137;  	0; 	0.00025
10:02 ;		 		2; 	0; 	0; 	2;  	13; 	0.6043036580085754; 	0.6606161660618253;  	0; 	0.00025
10:03 ;		 		2; 	0; 	0; 	2;  	14; 	0.5952800446086459; 	0.6508117318153381;  	0; 	0.00025
10:04 ;		 		2; 	0; 	0; 	2;  	15; 	0.5783351792229546; 	0.6618813143836128;  	1; 	0.00025
10:05 ;		 		2; 	0; 	0; 	2;  	16; 	0.5764288769827949; 	0.6390708817376031;  	0; 	0.00025
10:05 ;		 		2; 	0; 	0; 	2;  	17; 	0.5911895963880751; 	0.6305038399166532;  	0; 	0.00025
10:06 ;		 		2; 	0; 	0; 	2;  	18; 	0.5586185587777032; 	0.6213532090187073;  	0; 	0.00025
10:07 ;		 		2; 	0; 	0; 	2;  	19; 	0.5456800427701738; 	0.6209921903080411;  	0; 	0.00025
10:08 ;		 		2; 	0; 	0; 	2;  	20; 	0.5633468694157071; 	0.6337513857417636;  	1; 	0.00025
10:09 ;		 		2; 	0; 	0; 	2;  	21; 	0.5542631480428908; 	0.6205508179134793;  	0; 	0.00025
10:10 ;		 		2; 	0; 	0; 	2;  	22; 	0.5926002661387125; 	0.61481773853302;  	0; 	0.00025
10:11 ;		 		2; 	0; 	0; 	2;  	23; 	0.5543433692720201; 	0.6168511244985793;  	1; 	0.00025
10:12 ;		 		2; 	0; 	0; 	2;  	24; 	0.5211850239170922; 	0.6076303919156393;  	0; 	0.00025
10:13 ;		 		2; 	0; 	0; 	2;  	25; 	0.49471071031358504; 	0.5966796808772616;  	0; 	0.00025
10:13 ;		 		2; 	0; 	0; 	2;  	26; 	0.49492331014739144; 	0.5940423144234551;  	0; 	0.00025
10:14 ;		 		2; 	0; 	0; 	2;  	27; 	0.5207275251547495; 	0.5850489603148566;  	0; 	0.00025
10:15 ;		 		2; 	0; 	0; 	2;  	28; 	0.48885822627279496; 	0.5731470849778917;  	0; 	0.00025
10:16 ;		 		2; 	0; 	0; 	2;  	29; 	0.4685845242606269; 	0.604177905453576;  	1; 	0.00025
10:17 ;		 		3; 	0; 	0; 	3;  	0; 	0.686054633723365; 	0.6932890746328566;  	0; 	0.0004
10:18 ;		 		3; 	0; 	0; 	3;  	1; 	0.676623178852929; 	0.6894408331976997;  	0; 	0.0004
10:19 ;		 		3; 	0; 	0; 	3;  	2; 	0.6703523198763529; 	0.689706391758389;  	1; 	0.0004
10:20 ;		 		3; 	0; 	0; 	3;  	3; 	0.6674004859394498; 	0.6895430286725363;  	2; 	0.0004
10:21 ;		 		3; 	0; 	0; 	3;  	4; 	0.6719516979323493; 	0.6838550368944804;  	0; 	0.0004
10:22 ;		 		3; 	0; 	0; 	3;  	5; 	0.6614603731367323; 	0.6840028696589999;  	1; 	0.0004
10:23 ;		 		3; 	0; 	0; 	3;  	6; 	0.6572215490871005; 	0.6848473681343926;  	2; 	0.0004
10:24 ;		 		3; 	0; 	0; 	3;  	7; 	0.6352783838907877; 	0.6798713339699639;  	0; 	0.0004
10:25 ;		 		3; 	0; 	0; 	3;  	8; 	0.6363642149501376; 	0.6649495098325942;  	0; 	0.0004
10:25 ;		 		3; 	0; 	0; 	3;  	9; 	0.6151653197076585; 	0.6560066143671671;  	0; 	0.0004
10:26 ;		 		3; 	0; 	0; 	3;  	10; 	0.604295571645101; 	0.6568809946378072;  	1; 	0.0004
10:27 ;		 		3; 	0; 	0; 	3;  	11; 	0.6203348967764113; 	0.6485575437545776;  	0; 	0.0004
10:28 ;		 		3; 	0; 	0; 	3;  	12; 	0.5909814834594727; 	0.642890002992418;  	0; 	0.0004
10:28 ;		 		3; 	0; 	0; 	3;  	13; 	0.5704087416330973; 	0.6618920432196723;  	1; 	0.0004
10:29 ;		 		3; 	0; 	0; 	3;  	14; 	0.559585432211558; 	0.656993395752377;  	2; 	0.0004
10:30 ;		 		3; 	0; 	0; 	3;  	15; 	0.5880593127674527; 	0.6597391433186002;  	3; 	0.0004
10:31 ;		 		3; 	0; 	0; 	3;  	16; 	0.5446243948406644; 	0.6388786633809408;  	0; 	0.0004
10:31 ;		 		3; 	0; 	0; 	3;  	17; 	0.5422489808665382; 	0.6248015960057577;  	0; 	0.0004
10:32 ;		 		3; 	0; 	0; 	3;  	18; 	0.5011611580848694; 	0.7008492681715224;  	1; 	0.0004
10:33 ;		 		3; 	0; 	0; 	3;  	19; 	0.48537397384643555; 	0.6324880520502726;  	2; 	0.0004
10:34 ;		 		3; 	0; 	0; 	3;  	20; 	0.48617588149176705; 	0.642816596561008;  	3; 	0.0004
10:35 ;		 		3; 	0; 	0; 	3;  	21; 	0.4403158525625865; 	0.6402090787887573;  	4; 	0.0002
10:36 ;		 		3; 	0; 	0; 	3;  	22; 	0.47545963525772095; 	0.6243565347459581;  	0; 	0.0002
10:37 ;		 		3; 	0; 	0; 	3;  	23; 	0.42949413590961033; 	0.6250439518027835;  	1; 	0.0002
10:38 ;		 		3; 	0; 	0; 	3;  	24; 	0.4431723588042789; 	0.6440357632107205;  	2; 	0.0002
10:39 ;		 		3; 	0; 	0; 	3;  	25; 	0.4101976007223129; 	0.6263748009999593;  	3; 	0.0002
10:40 ;		 		3; 	0; 	0; 	3;  	26; 	0.4364222089449565; 	0.6185296310318841;  	0; 	0.0002
10:41 ;		 		3; 	0; 	0; 	3;  	27; 	0.3953380717171563; 	0.6175359951125251;  	0; 	0.0002
10:42 ;		 		3; 	0; 	0; 	3;  	28; 	0.46716392702526516; 	0.6273828314410316;  	1; 	0.0002
10:43 ;		 		3; 	0; 	0; 	3;  	29; 	0.3840296036667294; 	0.5969730913639069;  	0; 	0.0002
10:43 ;		 		4; 	0; 	0; 	4;  	0; 	0.6892491314146254; 	0.6865295569101969;  	0; 	0.0003
10:44 ;		 		4; 	0; 	0; 	4;  	1; 	0.6692463490698073; 	0.6824740767478943;  	0; 	0.0003
10:45 ;		 		4; 	0; 	0; 	4;  	2; 	0.6792750424808927; 	0.6774269739786783;  	0; 	0.0003
10:46 ;		 		4; 	0; 	0; 	4;  	3; 	0.6726845569080777; 	0.6698668996493021;  	0; 	0.0003
10:47 ;		 		4; 	0; 	0; 	4;  	4; 	0.6665495369169447; 	0.6627989345126681;  	0; 	0.0003
10:48 ;		 		4; 	0; 	0; 	4;  	5; 	0.6459199918640984; 	0.6646646128760444;  	1; 	0.0003
10:49 ;		 		4; 	0; 	0; 	4;  	6; 	0.6352245012919108; 	0.6642130878236558;  	2; 	0.0003
10:50 ;		 		4; 	0; 	0; 	4;  	7; 	0.6331397626135085; 	0.669737696647644;  	3; 	0.0003
10:50 ;		 		4; 	0; 	0; 	4;  	8; 	0.6315110723177592; 	0.6753875613212585;  	4; 	0.00015
10:51 ;		 		4; 	0; 	0; 	4;  	9; 	0.6290597518285116; 	0.67268881532881;  	5; 	0.00015
10:52 ;		 		5; 	0; 	1; 	1;  	0; 	0.7007009651925828; 	0.6916445030106438;  	0; 	0.0006
10:53 ;		 		5; 	0; 	1; 	1;  	1; 	0.6850694749090407; 	0.6856621702512106;  	0; 	0.0006
10:54 ;		 		5; 	0; 	1; 	1;  	2; 	0.6841741998990377; 	0.6778529352611966;  	0; 	0.0006
10:55 ;		 		5; 	0; 	1; 	1;  	3; 	0.6762559215227762; 	0.6707010600301955;  	0; 	0.0006
10:56 ;		 		5; 	0; 	1; 	1;  	4; 	0.6728307671017117; 	0.6671755380100675;  	0; 	0.0006
10:57 ;		 		5; 	0; 	1; 	1;  	5; 	0.6701613664627075; 	0.6573828458786011;  	0; 	0.0006
10:58 ;		 		5; 	0; 	1; 	1;  	6; 	0.6602155499988132; 	0.6491211387846205;  	0; 	0.0006
10:59 ;		 		5; 	0; 	1; 	1;  	7; 	0.6500077115164863; 	0.6428259412447611;  	0; 	0.0006
10:59 ;		 		5; 	0; 	1; 	1;  	8; 	0.6502025392320421; 	0.6468014551533593;  	1; 	0.0006
11:00 ;		 		5; 	0; 	1; 	1;  	9; 	0.6424589819378324; 	0.6353558500607809;  	0; 	0.0006
11:02 ;		 		5; 	0; 	1; 	1;  	10; 	0.6262697378794352; 	0.6282521155145433;  	0; 	0.0006
11:03 ;		 		5; 	0; 	1; 	1;  	11; 	0.6125398609373305; 	0.6110154390335083;  	0; 	0.0006
11:04 ;		 		5; 	0; 	1; 	1;  	12; 	0.6094610293706259; 	0.6182211505042182;  	1; 	0.0006
11:05 ;		 		5; 	0; 	1; 	1;  	13; 	0.6044319934315152; 	0.5923477013905843;  	0; 	0.0006
11:06 ;		 		5; 	0; 	1; 	1;  	14; 	0.5897403359413147; 	0.5978806217511495;  	1; 	0.0006
11:07 ;		 		5; 	0; 	1; 	1;  	15; 	0.5728705326716105; 	0.5750379396809472;  	0; 	0.0006
11:08 ;		 		5; 	0; 	1; 	1;  	16; 	0.5783096253871918; 	0.5886688232421875;  	1; 	0.0006
11:10 ;		 		5; 	0; 	1; 	1;  	17; 	0.5543863111072116; 	0.5755550861358643;  	2; 	0.0006
11:11 ;		 		5; 	0; 	1; 	1;  	18; 	0.5464863545364804; 	0.5692368944485983;  	0; 	0.0006
11:13 ;		 		5; 	0; 	1; 	1;  	19; 	0.5295173856947157; 	0.5627122852537367;  	0; 	0.0006
11:15 ;		 		5; 	0; 	1; 	1;  	20; 	0.48260677854220074; 	0.6064897643195258;  	1; 	0.0006
11:17 ;		 		5; 	0; 	1; 	1;  	21; 	0.48510055740674335; 	0.5309150781896379;  	0; 	0.0006
12:35 ;		 		5; 	0; 	1; 	1;  	0; 	0.6965449982219272; 	0.6900835633277893;  	0; 	0.0006
12:35 ;		 		5; 	0; 	1; 	1;  	1; 	0.692258702384101; 	0.6834060748418173;  	0; 	0.0006
12:36 ;		 		5; 	0; 	1; 	1;  	2; 	0.6839324765735202; 	0.6752242048581442;  	0; 	0.0006
12:36 ;		 		5; 	0; 	1; 	1;  	3; 	0.6810382008552551; 	0.6673853132459853;  	0; 	0.0006
12:37 ;		 		5; 	0; 	1; 	1;  	4; 	0.6637095212936401; 	0.659112830956777;  	0; 	0.0006
12:37 ;		 		5; 	0; 	1; 	1;  	5; 	0.6582369340790643; 	0.6502722435527377;  	0; 	0.0006
12:38 ;		 		5; 	0; 	1; 	1;  	6; 	0.6387841436598036; 	0.64875817961163;  	0; 	0.0006
12:39 ;		 		5; 	0; 	1; 	1;  	7; 	0.6539553337626987; 	0.6366667482588027;  	0; 	0.0006
12:39 ;		 		5; 	0; 	1; 	1;  	8; 	0.6309415896733602; 	0.6283990508980222;  	0; 	0.0006
12:40 ;		 		5; 	0; 	1; 	1;  	9; 	0.6331965923309326; 	0.6164706680509779;  	0; 	0.0006
12:40 ;		 		5; 	0; 	1; 	1;  	10; 	0.6177612940470377; 	0.616121232509613;  	0; 	0.0006
12:41 ;		 		5; 	0; 	1; 	1;  	11; 	0.6044914589987861; 	0.6032857563760545;  	0; 	0.0006
12:42 ;		 		5; 	0; 	1; 	1;  	12; 	0.5961669418546889; 	0.5981166561444601;  	0; 	0.0006
12:42 ;		 		5; 	0; 	1; 	1;  	13; 	0.5931351714664035; 	0.596463594171736;  	0; 	0.0006
12:43 ;		 		5; 	0; 	1; 	1;  	14; 	0.5719387531280518; 	0.608070088757409;  	1; 	0.0006
12:43 ;		 		5; 	0; 	1; 	1;  	15; 	0.5584798024760352; 	0.5688705808586545;  	0; 	0.0006
12:44 ;		 		5; 	0; 	1; 	1;  	16; 	0.5377720826201968; 	0.6429746283425225;  	1; 	0.0006
12:45 ;		 		5; 	0; 	1; 	1;  	17; 	0.5329319304890103; 	0.5779914061228434;  	2; 	0.0006
12:45 ;		 		5; 	0; 	1; 	1;  	18; 	0.5221836268901825; 	0.5095124542713165;  	0; 	0.0006
12:46 ;		 		5; 	0; 	1; 	1;  	19; 	0.5063145723607805; 	0.5282767613728842;  	1; 	0.0006
12:47 ;		 		5; 	0; 	1; 	1;  	20; 	0.5091638167699178; 	0.5761248684591718;  	2; 	0.0006
12:47 ;		 		5; 	0; 	1; 	1;  	21; 	0.506197624736362; 	0.8380673792627122;  	3; 	0.0006
12:48 ;		 		5; 	0; 	1; 	1;  	22; 	0.4943409528997209; 	0.5317908724149069;  	4; 	0.0003
12:48 ;		 		5; 	0; 	1; 	1;  	23; 	0.47310269872347516; 	0.48747660054100883;  	0; 	0.0003
12:49 ;		 		5; 	0; 	1; 	1;  	24; 	0.41393736998240155; 	0.5592714813020494;  	1; 	0.0003
12:50 ;		 		5; 	0; 	1; 	1;  	25; 	0.416627930270301; 	0.5078436666064792;  	2; 	0.0003
12:50 ;		 		5; 	0; 	1; 	1;  	26; 	0.42747310631804997; 	0.4972551266352336;  	3; 	0.0003
12:51 ;		 		5; 	0; 	1; 	1;  	27; 	0.40390706062316895; 	0.5770195672909418;  	4; 	0.00015
12:52 ;		 		5; 	0; 	1; 	1;  	28; 	0.39222461978594464; 	0.48002780808342826;  	0; 	0.00015
12:52 ;		 		5; 	0; 	1; 	1;  	29; 	0.37923550440205467; 	0.47615348630481297;  	0; 	0.00015
12:53 ;		 		6; 	0; 	1; 	2;  	0; 	0.691661516825358; 	0.6883623864915636;  	0; 	0.0005
12:54 ;		 		6; 	0; 	1; 	2;  	1; 	0.6850021945105659; 	0.680985775258806;  	0; 	0.0005
12:55 ;		 		6; 	0; 	1; 	2;  	2; 	0.6738924185434977; 	0.672820422384474;  	0; 	0.0005
12:56 ;		 		6; 	0; 	1; 	2;  	3; 	0.6702833308113946; 	0.6639613310496012;  	0; 	0.0005
12:57 ;		 		6; 	0; 	1; 	2;  	4; 	0.6627125342686971; 	0.6542673508326212;  	0; 	0.0005
12:57 ;		 		6; 	0; 	1; 	2;  	5; 	0.6548470457394918; 	0.6472949981689453;  	0; 	0.0005
12:58 ;		 		6; 	0; 	1; 	2;  	6; 	0.6596995194753011; 	0.6405762036641439;  	0; 	0.0005
12:59 ;		 		6; 	0; 	1; 	2;  	7; 	0.6520565814442105; 	0.6354448397954305;  	0; 	0.0005
12:59 ;		 		6; 	0; 	1; 	2;  	8; 	0.6325159470240275; 	0.6303186813990275;  	0; 	0.0005
13:00 ;		 		6; 	0; 	1; 	2;  	9; 	0.6348996493551466; 	0.6242093907462226;  	0; 	0.0005
13:01 ;		 		6; 	0; 	1; 	2;  	10; 	0.6288249227735732; 	0.6267788145277235;  	1; 	0.0005
13:01 ;		 		6; 	0; 	1; 	2;  	11; 	0.6250466903050741; 	0.6205210487047831;  	0; 	0.0005
13:02 ;		 		6; 	0; 	1; 	2;  	12; 	0.5968686872058444; 	0.6034327182504866;  	0; 	0.0005
13:02 ;		 		6; 	0; 	1; 	2;  	13; 	0.5955234302414788; 	0.5963194602065616;  	0; 	0.0005
13:03 ;		 		6; 	0; 	1; 	2;  	14; 	0.6112147635883756; 	0.5903195573223962;  	0; 	0.0005
13:04 ;		 		6; 	0; 	1; 	2;  	15; 	0.5965632696946462; 	0.6306544409857856;  	1; 	0.0005
13:04 ;		 		6; 	0; 	1; 	2;  	16; 	0.5628119707107544; 	0.5754071871439616;  	0; 	0.0005
13:05 ;		 		6; 	0; 	1; 	2;  	17; 	0.5844558676083883; 	0.5974981122546725;  	1; 	0.0005
13:06 ;		 		6; 	0; 	1; 	2;  	18; 	0.5778797765572866; 	0.6155368685722351;  	2; 	0.0005
13:06 ;		 		6; 	0; 	1; 	2;  	19; 	0.5189892484082116; 	0.5568989283508725;  	0; 	0.0005
13:07 ;		 		6; 	0; 	1; 	2;  	20; 	0.5194248259067535; 	0.547820958826277;  	0; 	0.0005
13:08 ;		 		6; 	0; 	1; 	2;  	21; 	0.5423505405584971; 	0.622635543346405;  	1; 	0.0005
13:08 ;		 		6; 	0; 	1; 	2;  	22; 	0.5134172406461504; 	0.5704620745446947;  	2; 	0.0005
13:09 ;		 		6; 	0; 	1; 	2;  	23; 	0.49298135108417934; 	0.5791628426975675;  	3; 	0.0005
13:09 ;		 		6; 	0; 	1; 	2;  	24; 	0.4862883422109816; 	0.504406644238366;  	0; 	0.0005
13:10 ;		 		6; 	0; 	1; 	2;  	25; 	0.47720153795348275; 	0.5877165794372559;  	1; 	0.0005
13:11 ;		 		6; 	0; 	1; 	2;  	26; 	0.4484165244632297; 	0.5169963869783614;  	2; 	0.0005
13:11 ;		 		6; 	0; 	1; 	2;  	27; 	0.49482132991154987; 	0.5122707751062181;  	3; 	0.0005
13:12 ;		 		6; 	0; 	1; 	2;  	28; 	0.446185890171263; 	0.5148527042733299;  	4; 	0.00025
13:12 ;		 		6; 	0; 	1; 	2;  	29; 	0.40673068828052944; 	0.5217618544896444;  	5; 	0.00025
13:13 ;		 		7; 	0; 	1; 	3;  	0; 	0.7009252243571811; 	0.693463491068946;  	0; 	0.0004
13:14 ;		 		7; 	0; 	1; 	3;  	1; 	0.6914886832237244; 	0.6848077840275235;  	0; 	0.0004
13:14 ;		 		7; 	0; 	1; 	3;  	2; 	0.6808019545343187; 	0.6749551097551981;  	0; 	0.0004
13:15 ;		 		7; 	0; 	1; 	3;  	3; 	0.6677980754110548; 	0.6655750539567735;  	0; 	0.0004
13:16 ;		 		7; 	0; 	1; 	3;  	4; 	0.6583598388565911; 	0.6584819422827827;  	0; 	0.0004
13:16 ;		 		7; 	0; 	1; 	3;  	5; 	0.6579620242118835; 	0.6518127785788642;  	0; 	0.0004
13:17 ;		 		7; 	0; 	1; 	3;  	6; 	0.6645834313498603; 	0.6451655824979147;  	0; 	0.0004
13:18 ;		 		7; 	0; 	1; 	3;  	7; 	0.6544089118639628; 	0.6360781457689073;  	0; 	0.0004
13:18 ;		 		7; 	0; 	1; 	3;  	8; 	0.6454999910460578; 	0.6299541658825345;  	0; 	0.0004
13:19 ;		 		7; 	0; 	1; 	3;  	9; 	0.6503240995936923; 	0.6220258474349976;  	0; 	0.0004
13:19 ;		 		7; 	0; 	1; 	3;  	10; 	0.6440946128633287; 	0.6175932553079393;  	0; 	0.0004
13:20 ;		 		7; 	0; 	1; 	3;  	11; 	0.6381779445542229; 	0.611584848827786;  	0; 	0.0004
13:21 ;		 		7; 	0; 	1; 	3;  	12; 	0.6235366662343343; 	0.6048729883299934;  	0; 	0.0004
13:21 ;		 		7; 	0; 	1; 	3;  	13; 	0.621375732951694; 	0.6033861769570245;  	0; 	0.0004
13:22 ;		 		7; 	0; 	1; 	3;  	14; 	0.5937759114636315; 	0.5985714925660027;  	0; 	0.0004
13:23 ;		 		7; 	0; 	1; 	3;  	15; 	0.620777083767785; 	0.5937237607108222;  	0; 	0.0004
13:23 ;		 		7; 	0; 	1; 	3;  	16; 	0.5951978166898092; 	0.5792202419704862;  	0; 	0.0004
13:24 ;		 		7; 	0; 	1; 	3;  	17; 	0.5744523538483514; 	0.5702993936008878;  	0; 	0.0004
13:25 ;		 		7; 	0; 	1; 	3;  	18; 	0.5729859173297882; 	0.5628089507420858;  	0; 	0.0004
13:26 ;		 		7; 	0; 	1; 	3;  	19; 	0.5597517159250047; 	0.5586695803536309;  	0; 	0.0004
13:27 ;		 		7; 	0; 	1; 	3;  	20; 	0.5540856454107497; 	0.5572240749994913;  	0; 	0.0004
13:28 ;		 		7; 	0; 	1; 	3;  	21; 	0.559464305639267; 	0.5278932319747077;  	0; 	0.0004
13:29 ;		 		7; 	0; 	1; 	3;  	22; 	0.5388253298070695; 	0.5593462453948127;  	1; 	0.0004
13:29 ;		 		7; 	0; 	1; 	3;  	23; 	0.5011712478266822; 	0.5646370781792535;  	2; 	0.0004
13:30 ;		 		7; 	0; 	1; 	3;  	24; 	0.5000109805001153; 	0.4754679136806064;  	0; 	0.0004
13:31 ;		 		7; 	0; 	1; 	3;  	25; 	0.5019123819139268; 	0.5403831071323819;  	1; 	0.0004
13:32 ;		 		7; 	0; 	1; 	3;  	26; 	0.4842700759569804; 	0.5378149019347297;  	2; 	0.0004
13:33 ;		 		7; 	0; 	1; 	3;  	27; 	0.5348560810089111; 	0.5752008756001791;  	3; 	0.0004
13:33 ;		 		7; 	0; 	1; 	3;  	28; 	0.48160337739520603; 	0.5683692428800795;  	4; 	0.0002
13:34 ;		 		7; 	0; 	1; 	3;  	29; 	0.4790576696395874; 	0.5564603209495544;  	5; 	0.0002
13:34 ;		 --------------------------------------------------------------------------
13:35 ;		 		8; 	0; 	1; 	4;  	0; 	0.6893294519848294; 	0.6867583327823215;  	0; 	0.0003
13:36 ;		 		8; 	0; 	1; 	4;  	1; 	0.6803095539410909; 	0.6822305056783888;  	0; 	0.0003
13:37 ;		 		8; 	0; 	1; 	4;  	2; 	0.6805284288194444; 	0.6753879719310336;  	0; 	0.0003
13:38 ;		 		8; 	0; 	1; 	4;  	3; 	0.6773482229974535; 	0.6691791613896688;  	0; 	0.0003
13:38 ;		 		8; 	0; 	1; 	4;  	4; 	0.665484733051724; 	0.6636117829216851;  	0; 	0.0003
13:39 ;		 		8; 	0; 	1; 	4;  	5; 	0.6667057408226861; 	0.6570305360688103;  	0; 	0.0003
13:40 ;		 		8; 	0; 	1; 	4;  	6; 	0.6640095578299628; 	0.6521173781818814;  	0; 	0.0003
13:40 ;		 		8; 	0; 	1; 	4;  	7; 	0.6583336856630113; 	0.6487987438837687;  	0; 	0.0003
13:41 ;		 		8; 	0; 	1; 	4;  	8; 	0.6524989207585653; 	0.6436309417088827;  	0; 	0.0003
13:42 ;		 		8; 	0; 	1; 	4;  	9; 	0.6499737236234877; 	0.6372806164953444;  	0; 	0.0003
13:42 ;		 		8; 	0; 	1; 	4;  	10; 	0.6428871618376838; 	0.6324431498845419;  	0; 	0.0003
13:43 ;		 		8; 	0; 	1; 	4;  	11; 	0.6249008973439535; 	0.6268221272362603;  	0; 	0.0003
13:43 ;		 		8; 	0; 	1; 	4;  	12; 	0.6370367076661851; 	0.6151857376098633;  	0; 	0.0003
13:44 ;		 		8; 	0; 	1; 	4;  	13; 	0.6229390237066481; 	0.6115623513857523;  	0; 	0.0003
13:45 ;		 		8; 	0; 	1; 	4;  	14; 	0.6310044394599067; 	0.6074083712365892;  	0; 	0.0003
13:45 ;		 		8; 	0; 	1; 	4;  	15; 	0.6118108696407742; 	0.603056424193912;  	0; 	0.0003
13:46 ;		 		8; 	0; 	1; 	4;  	16; 	0.6113666362232633; 	0.6068157951037089;  	1; 	0.0003
13:47 ;		 		8; 	0; 	1; 	4;  	17; 	0.6171955996089511; 	0.6197128229671054;  	2; 	0.0003
13:47 ;		 		8; 	0; 	1; 	4;  	18; 	0.5920009281900194; 	0.595217850473192;  	0; 	0.0003
13:48 ;		 		8; 	0; 	1; 	4;  	19; 	0.5963389542367723; 	0.5786307023631202;  	0; 	0.0003
13:48 ;		 		8; 	0; 	1; 	4;  	20; 	0.5550173421700796; 	0.5667739874786801;  	0; 	0.0003
13:49 ;		 		8; 	0; 	1; 	4;  	21; 	0.5563062661223941; 	0.5671185718642341;  	1; 	0.0003
13:50 ;		 		8; 	0; 	1; 	4;  	22; 	0.5453464786211649; 	0.5570414331224229;  	0; 	0.0003
13:50 ;		 		8; 	0; 	1; 	4;  	23; 	0.534346792432997; 	0.5576179226239523;  	1; 	0.0003
13:51 ;		 		8; 	0; 	1; 	4;  	24; 	0.521751215060552; 	0.5618707670105828;  	2; 	0.0003
13:51 ;		 		8; 	0; 	1; 	4;  	25; 	0.5640999476114908; 	0.5602636867099338;  	3; 	0.0003
13:52 ;		 		8; 	0; 	1; 	4;  	26; 	0.5350260370307498; 	0.5491279363632202;  	0; 	0.0003
13:53 ;		 		8; 	0; 	1; 	4;  	27; 	0.5412164098686643; 	0.5145343740781149;  	0; 	0.0003
13:53 ;		 		8; 	0; 	1; 	4;  	28; 	0.504881802532408; 	0.5298995044496324;  	1; 	0.0003
13:54 ;		 		8; 	0; 	1; 	4;  	29; 	0.5119214587741427; 	0.5448051359918382;  	2; 	0.0003
13:54 ;		 --------------------------------------------------------------------------
13:55 ;		 		9; 	0; 	2; 	1;  	0; 	0.6916861997710334; 	0.6888680789205763;  	0; 	0.0006
13:55 ;		 		9; 	0; 	2; 	1;  	1; 	0.6824481421046786; 	0.6812885867224799;  	0; 	0.0006
13:56 ;		 		9; 	0; 	2; 	1;  	2; 	0.6767010026507907; 	0.6749795542822944;  	0; 	0.0006
13:56 ;		 		9; 	0; 	2; 	1;  	3; 	0.6718455155690511; 	0.6674022542105781;  	0; 	0.0006
13:57 ;		 		9; 	0; 	2; 	1;  	4; 	0.6536801126268175; 	0.662018789185418;  	0; 	0.0006
13:58 ;		 		9; 	0; 	2; 	1;  	5; 	0.6535274121496413; 	0.6708695424927605;  	1; 	0.0006
13:58 ;		 		9; 	0; 	2; 	1;  	6; 	0.6478951374689738; 	0.6542870269881355;  	0; 	0.0006
13:59 ;		 		9; 	0; 	2; 	1;  	7; 	0.6162935429149203; 	0.6525629560152689;  	0; 	0.0006
14:00 ;		 		9; 	0; 	2; 	1;  	8; 	0.6228679948382907; 	0.6545414725939432;  	1; 	0.0006
14:01 ;		 		9; 	0; 	2; 	1;  	9; 	0.5919268528620402; 	0.6774001253975762;  	2; 	0.0006
14:01 ;		 		9; 	0; 	2; 	1;  	10; 	0.5832801991038852; 	0.6444340215788947;  	0; 	0.0006
14:02 ;		 		9; 	0; 	2; 	1;  	11; 	0.581649661064148; 	0.6260118153360155;  	0; 	0.0006
14:03 ;		 		9; 	0; 	2; 	1;  	12; 	0.5814052157931857; 	0.672661821047465;  	1; 	0.0006
14:03 ;		 		9; 	0; 	2; 	1;  	13; 	0.5375301738580068; 	0.6381537252002292;  	2; 	0.0006
14:04 ;		 		9; 	0; 	2; 	1;  	14; 	0.5310663945145078; 	0.6437564624680413;  	3; 	0.0006
14:05 ;		 		9; 	0; 	2; 	1;  	15; 	0.47999080684449935; 	0.8610537317064073;  	4; 	0.0003
14:06 ;		 		9; 	0; 	2; 	1;  	16; 	0.47642919090059066; 	0.7785347700119019;  	5; 	0.0003
14:06 ;		 --------------------------------------------------------------------------
14:06 ;		 		10; 	0; 	2; 	2;  	0; 	0.6972880827056037; 	0.6924616230858697;  	0; 	0.0005
14:07 ;		 		10; 	0; 	2; 	2;  	1; 	0.6982862022187974; 	0.6841039525138007;  	0; 	0.0005
14:07 ;		 		10; 	0; 	2; 	2;  	2; 	0.6849889490339491; 	0.6758503847652011;  	0; 	0.0005
14:08 ;		 		10; 	0; 	2; 	2;  	3; 	0.6632547577222189; 	0.6691915459103055;  	0; 	0.0005
14:09 ;		 		10; 	0; 	2; 	2;  	4; 	0.6565862827830844; 	0.6622682147555881;  	0; 	0.0005
14:09 ;		 		10; 	0; 	2; 	2;  	5; 	0.6560238599777222; 	0.6527066297001309;  	0; 	0.0005
14:10 ;		 		10; 	0; 	2; 	2;  	6; 	0.6439745095041063; 	0.6447196933958266;  	0; 	0.0005
14:10 ;		 		10; 	0; 	2; 	2;  	7; 	0.6311451925171746; 	0.6482090022828844;  	1; 	0.0005
14:11 ;		 		10; 	0; 	2; 	2;  	8; 	0.6068575183550516; 	0.6432277494006686;  	0; 	0.0005
14:12 ;		 		10; 	0; 	2; 	2;  	9; 	0.5914554397265116; 	0.6373345322079129;  	0; 	0.0005
14:12 ;		 		10; 	0; 	2; 	2;  	10; 	0.6022813518842062; 	0.6709734267658658;  	1; 	0.0005
14:13 ;		 		10; 	0; 	2; 	2;  	11; 	0.5489331748750474; 	0.6777204738722907;  	2; 	0.0005
14:14 ;		 		10; 	0; 	2; 	2;  	12; 	0.5638732943269942; 	0.6298631760809157;  	0; 	0.0005
14:14 ;		 		10; 	0; 	2; 	2;  	13; 	0.5502354370223151; 	0.644609530766805;  	1; 	0.0005
14:15 ;		 		10; 	0; 	2; 	2;  	14; 	0.5390600363413492; 	0.8042870892418755;  	2; 	0.0005
14:15 ;		 		10; 	0; 	2; 	2;  	15; 	0.5456269813908471; 	0.6258081396420797;  	0; 	0.0005
14:16 ;		 		10; 	0; 	2; 	2;  	16; 	0.5972409413920509; 	0.5933305554919772;  	0; 	0.0005
14:17 ;		 		10; 	0; 	2; 	2;  	17; 	0.4587295750776927; 	0.6039108037948608;  	1; 	0.0005
14:17 ;		 		10; 	0; 	2; 	2;  	18; 	0.5620134472846985; 	0.6037548846668668;  	2; 	0.0005
14:18 ;		 		10; 	0; 	2; 	2;  	19; 	0.5030347837342156; 	0.6740635799037086;  	3; 	0.0005
14:19 ;		 		10; 	0; 	2; 	2;  	20; 	0.5248920553260379; 	0.652476516034868;  	4; 	0.00025
14:19 ;		 		10; 	0; 	2; 	2;  	21; 	0.4269245167573293; 	0.6919505596160889;  	5; 	0.00025
14:19 ;		 --------------------------------------------------------------------------
14:20 ;		 		11; 	0; 	2; 	3;  	0; 	0.6928251849280463; 	0.6927135255601671;  	0; 	0.0004
14:20 ;		 		11; 	0; 	2; 	3;  	1; 	0.6769179503122965; 	0.6889478034443326;  	0; 	0.0004
14:21 ;		 		11; 	0; 	2; 	3;  	2; 	0.6809678806198968; 	0.6845157080226474;  	0; 	0.0004
14:22 ;		 		11; 	0; 	2; 	3;  	3; 	0.6643935640652975; 	0.6803808675871955;  	0; 	0.0004
14:22 ;		 		11; 	0; 	2; 	3;  	4; 	0.6658836139572991; 	0.6769930058055453;  	0; 	0.0004
14:23 ;		 		11; 	0; 	2; 	3;  	5; 	0.6672990984386868; 	0.6740105483267043;  	0; 	0.0004
14:24 ;		 		11; 	0; 	2; 	3;  	6; 	0.651056879096561; 	0.6674171090126038;  	0; 	0.0004
14:24 ;		 		11; 	0; 	2; 	3;  	7; 	0.6365419957372878; 	0.6583648059103224;  	0; 	0.0004
14:25 ;		 		11; 	0; 	2; 	3;  	8; 	0.6265061961279975; 	0.6552291181352403;  	0; 	0.0004
14:25 ;		 		11; 	0; 	2; 	3;  	9; 	0.6184053354793124; 	0.654774804910024;  	0; 	0.0004
14:26 ;		 		11; 	0; 	2; 	3;  	10; 	0.597899403836992; 	0.649973021613227;  	0; 	0.0004
14:27 ;		 		11; 	0; 	2; 	3;  	11; 	0.5715517732832167; 	0.6431021557913886;  	0; 	0.0004
14:27 ;		 		11; 	0; 	2; 	3;  	12; 	0.5861454473601447; 	0.650941895114051;  	1; 	0.0004
14:28 ;		 		11; 	0; 	2; 	3;  	13; 	0.5833080410957336; 	0.6447159647941589;  	2; 	0.0004
14:29 ;		 		11; 	0; 	2; 	3;  	14; 	0.5147352715333303; 	0.7328347894880507;  	3; 	0.0004
14:29 ;		 		11; 	0; 	2; 	3;  	15; 	0.5398040148946974; 	0.6495722995864021;  	4; 	0.0002
14:30 ;		 		11; 	0; 	2; 	3;  	16; 	0.5153254270553589; 	0.646465433968438;  	5; 	0.0002
14:30 ;		 --------------------------------------------------------------------------
14:30 ;		 		12; 	0; 	2; 	4;  	0; 	0.7004416320059035; 	0.6888428992695279;  	0; 	0.0003
14:31 ;		 		12; 	0; 	2; 	4;  	1; 	0.6881779034932455; 	0.6870732837253146;  	0; 	0.0003
14:32 ;		 		12; 	0; 	2; 	4;  	2; 	0.6876986225446066; 	0.6847003897031149;  	0; 	0.0003
14:32 ;		 		12; 	0; 	2; 	4;  	3; 	0.6805777218606737; 	0.6809116668171353;  	0; 	0.0003
14:33 ;		 		12; 	0; 	2; 	4;  	4; 	0.6758265826437209; 	0.6764777104059855;  	0; 	0.0003
14:33 ;		 		12; 	0; 	2; 	4;  	5; 	0.6584080192777846; 	0.6751827067799039;  	0; 	0.0003
14:34 ;		 		12; 	0; 	2; 	4;  	6; 	0.6728760467635261; 	0.6744415627585517;  	0; 	0.0003
14:35 ;		 		12; 	0; 	2; 	4;  	7; 	0.6795490781466166; 	0.6758963863054911;  	1; 	0.0003
14:35 ;		 		12; 	0; 	2; 	4;  	8; 	0.6637807091077169; 	0.6734413239690993;  	0; 	0.0003
14:36 ;		 		12; 	0; 	2; 	4;  	9; 	0.6562589009602865; 	0.6701950033505758;  	0; 	0.0003
14:37 ;		 		12; 	0; 	2; 	4;  	10; 	0.6523217823770311; 	0.6676980058352152;  	0; 	0.0003
14:37 ;		 		12; 	0; 	2; 	4;  	11; 	0.6539770033624437; 	0.6672541168000963;  	0; 	0.0003
14:38 ;		 		12; 	0; 	2; 	4;  	12; 	0.6359160277578566; 	0.6645504964722527;  	0; 	0.0003
14:39 ;		 		12; 	0; 	2; 	4;  	13; 	0.6428554654121399; 	0.6632378697395325;  	0; 	0.0003
14:39 ;		 		12; 	0; 	2; 	4;  	14; 	0.6281503438949585; 	0.6695782873365614;  	1; 	0.0003
14:40 ;		 		12; 	0; 	2; 	4;  	15; 	0.6219396922323439; 	0.669584678279029;  	2; 	0.0003
14:40 ;		 		12; 	0; 	2; 	4;  	16; 	0.6213882035679288; 	0.6647639936870999;  	3; 	0.0003
14:41 ;		 		12; 	0; 	2; 	4;  	17; 	0.6319063305854797; 	0.6618440283669366;  	0; 	0.0003
14:42 ;		 		12; 	0; 	2; 	4;  	18; 	0.6113492449124655; 	0.6524292296833463;  	0; 	0.0003
14:42 ;		 		12; 	0; 	2; 	4;  	19; 	0.6097319258583916; 	0.6584259470303854;  	1; 	0.0003
14:43 ;		 		12; 	0; 	2; 	4;  	20; 	0.6311212778091431; 	0.6694168249766032;  	2; 	0.0003
14:44 ;		 		12; 	0; 	2; 	4;  	21; 	0.5821822020742629; 	0.6442523068851895;  	0; 	0.0003
14:44 ;		 		12; 	0; 	2; 	4;  	22; 	0.5778749717606438; 	0.6580181982782152;  	1; 	0.0003
14:45 ;		 		12; 	0; 	2; 	4;  	23; 	0.5770125091075897; 	0.6516268253326416;  	2; 	0.0003
14:46 ;		 		12; 	0; 	2; 	4;  	24; 	0.5670858158005608; 	0.6427407728301154;  	0; 	0.0003
14:46 ;		 		12; 	0; 	2; 	4;  	25; 	0.5533621807893118; 	0.6351603468259176;  	0; 	0.0003
14:47 ;		 		12; 	0; 	2; 	4;  	26; 	0.5757070415549808; 	0.6858245001898872;  	1; 	0.0003
14:47 ;		 		12; 	0; 	2; 	4;  	27; 	0.5702954232692719; 	0.6318470173411899;  	0; 	0.0003
14:48 ;		 		12; 	0; 	2; 	4;  	28; 	0.576886322763231; 	0.614801718129052;  	0; 	0.0003
14:49 ;		 		12; 	0; 	2; 	4;  	29; 	0.522166414393319; 	0.6390345295270284;  	1; 	0.0003
14:49 ;		 --------------------------------------------------------------------------
15:33 ;		 ------------------------------  BENCHMARKS   --------------------------------------------
15:34 ;		 	 MLP;	1; 	0; 	0; 	1;  	0; 	0.7516953282886081; 	0.7029407355520461;  	0; 	0.0006
15:34 ;		 	 MLP;	1; 	0; 	0; 	1;  	1; 	0.6336033708519406; 	0.6939844952689277;  	0; 	0.0006
15:35 ;		 	 MLP;	1; 	0; 	0; 	1;  	2; 	0.6668930186165704; 	0.6799235277705722;  	0; 	0.0006
15:35 ;		 	 MLP;	1; 	0; 	0; 	1;  	3; 	0.6436151067415873; 	0.6680546866522895;  	0; 	0.0006
15:36 ;		 	 MLP;	1; 	0; 	0; 	1;  	4; 	0.6672800845570035; 	0.6609701977835761;  	0; 	0.0006
15:37 ;		 	 MLP;	1; 	0; 	0; 	1;  	5; 	0.6323769258128272; 	0.6554993059900072;  	0; 	0.0006
15:37 ;		 	 MLP;	1; 	0; 	0; 	1;  	6; 	0.6407208939393362; 	0.651886694961124;  	0; 	0.0006
15:38 ;		 	 MLP;	1; 	0; 	0; 	1;  	7; 	0.6948564185036553; 	0.6425560116767883;  	0; 	0.0006
15:38 ;		 	 MLP;	1; 	0; 	0; 	1;  	8; 	0.6280725002288818; 	0.6396444373660617;  	0; 	0.0006
15:39 ;		 	 MLP;	1; 	0; 	0; 	1;  	9; 	0.6359080109331343; 	0.6346330907609727;  	0; 	0.0006
15:39 ;		 	 MLP;	1; 	0; 	0; 	1;  	10; 	0.6200870540406969; 	0.6281039118766785;  	0; 	0.0006
15:40 ;		 	 MLP;	1; 	0; 	0; 	1;  	11; 	0.6766932474242316; 	0.6202685700522529;  	0; 	0.0006
15:40 ;		 	 MLP;	1; 	0; 	0; 	1;  	12; 	0.5946696864234077; 	0.617751936117808;  	0; 	0.0006
15:41 ;		 	 MLP;	1; 	0; 	0; 	1;  	13; 	0.6289394034279717; 	0.6196076472600301;  	1; 	0.0006
15:42 ;		 	 MLP;	1; 	0; 	0; 	1;  	14; 	0.6016187634732988; 	0.6212360262870789;  	2; 	0.0006
15:42 ;		 	 MLP;	1; 	0; 	0; 	1;  	15; 	0.6272061930762397; 	0.6208172506756253;  	3; 	0.0006
15:43 ;		 	 MLP;	1; 	0; 	0; 	1;  	16; 	0.6203622486856248; 	0.6237961583667331;  	4; 	0.0003
15:43 ;		 	 MLP;	1; 	0; 	0; 	1;  	17; 	0.5910879075527191; 	0.623773369524214;  	5; 	0.0003
15:43 ;		 --------------------------------------------------------------------------
15:56 ;		 ------------------------------  BENCHMARKS   --------------------------------------------
16:01 ;		 ------------------------------  BENCHMARKS   --------------------------------------------
16:55 ;		 ------------------------------  BENCHMARKS   --------------------------------------------
16:55 ;		 	 RESNET;	121; 	0; 	0; 	1;  	0; 	0.675837967130873; 	0.5673734380139245;  	0; 	0.0006
16:56 ;		 	 RESNET;	121; 	0; 	0; 	1;  	1; 	0.4156203352742725; 	0.5446993956963221;  	0; 	0.0006
16:57 ;		 	 RESNET;	121; 	0; 	0; 	1;  	2; 	0.34225157896677655; 	0.5476390081975195;  	1; 	0.0006
16:57 ;		 	 RESNET;	121; 	0; 	0; 	1;  	3; 	0.24301659357216623; 	0.5492284306221538;  	2; 	0.0006
16:58 ;		 	 RESNET;	121; 	0; 	0; 	1;  	4; 	0.170025904973348; 	0.5529110816617807;  	3; 	0.0006
16:59 ;		 	 RESNET;	121; 	0; 	0; 	1;  	5; 	0.13992949409617317; 	0.5503079543511072;  	4; 	0.0003
16:59 ;		 	 RESNET;	121; 	0; 	0; 	1;  	6; 	0.2712431645227803; 	0.5528833816448847;  	5; 	0.0003
16:59 ;		 --------------------------------------------------------------------------
17:01 ;		 ------------------------------  BENCHMARKS   --------------------------------------------
17:12 ;		 ------------------------------  BENCHMARKS   --------------------------------------------
17:13 ;		 	 RESNET;	121; 	0; 	0; 	1;  	0; 	0.693345480495029; 	0.6370157533221774;  	0; 	0.0006
17:13 ;		 	 RESNET;	121; 	0; 	0; 	1;  	1; 	0.41551295088397133; 	0.5096391720904244;  	0; 	0.0006
17:14 ;		 	 RESNET;	121; 	0; 	0; 	1;  	2; 	0.3107501400841607; 	0.46708478695816463;  	0; 	0.0006
17:14 ;		 	 RESNET;	121; 	0; 	0; 	1;  	3; 	0.2789407894015312; 	0.46682428734170067;  	0; 	0.0006
17:15 ;		 	 RESNET;	121; 	0; 	0; 	1;  	4; 	0.22598333242866728; 	0.4706157015429603;  	1; 	0.0006
17:16 ;		 	 RESNET;	121; 	0; 	0; 	1;  	5; 	0.23662373961673844; 	0.4632372529142433;  	0; 	0.0006
17:16 ;		 	 RESNET;	121; 	0; 	0; 	1;  	6; 	0.18183204862806532; 	0.4722084055344264;  	1; 	0.0006
17:17 ;		 	 RESNET;	121; 	0; 	0; 	1;  	7; 	0.11226758567823304; 	0.48251742786831325;  	2; 	0.0006
17:18 ;		 	 RESNET;	121; 	0; 	0; 	1;  	8; 	0.09381531096167034; 	0.5109137437409825;  	3; 	0.0006
17:18 ;		 	 RESNET;	121; 	0; 	0; 	1;  	9; 	0.09579944941732618; 	0.47861382944716346;  	4; 	0.0003
17:19 ;		 	 RESNET;	121; 	0; 	0; 	1;  	10; 	0.10689120160208808; 	0.48710054490301347;  	5; 	0.0003
17:20 ;		 	 RESNET;	122; 	0; 	0; 	2;  	0; 	0.6559243500232697; 	0.5981404847568936;  	0; 	0.0005
17:20 ;		 	 RESNET;	122; 	0; 	0; 	2;  	1; 	0.42377813988261753; 	0.5244015124109056;  	0; 	0.0005





































































